tau=0.01

<\Lambda>= 1.826848572500358
<X>      = 0.050414671377461

Xmax1    =  1.963495408493621
Xmax2    = -1.178

tau=0

<\Lambda>= 1.950232881122691
<X>=     = 0.023950684290308

Xmax1    = -1.178
Xmax2    = 1.963